a=[-3.14979
-1.60834
-0.402416
2.65314
-1.33847
-2.69547
-1.25801
-0.205719
1.61238
-1.01841
-2.04506
-2.24705
-1.6664
-0.957375
-0.917234
-1.54553
-3.252
-3.1066
-2.51301
-2.33652
-2.09108
-1.6997
-3.32674
-3.5272
-3.44243
-2.98239
-1.97281
-1.95026
-3.56566
-3.09607
-2.04921
0.508937
-0.821152
-1.57767
-3.65881
-3.47824
-2.94522
-2.09591
-1.27289
-0.795956
-0.642547
-3.01037
-3.85199
-2.39037
-1.19498
-0.529062
-0.908471
-0.290359
-1.78245
-2.77878];
