 a=[0.558434
 0.789837
 -0.311416
 -1.00205
 -0.935791
 -2.69429
 -4.49774
 -2.83439
 -1.64412
 -1.73057
 -2.19688
 -2.1525
 -2.01908
 -2.78421
 -2.99356
 -3.11817
 -3.78246
 -3.83689
 -3.65782
 -0.484712];
