a=[-0.266314
-3.84724
-1.41013
-0.201
0.472363
0.753392
0.0686642
-0.882167
-3.19717
-0.992625
-0.0991902
0.111064
-0.958592
-2.15414
-2.4012
-1.33101
-3.27792
-2.30609
-0.479796
-1.58541
-1.44007
-1.13819
-0.843431
-3.12232
-2.15314
-0.438833
0.234555
0.691424
0.980307
1.1184
1.10636
0.933704
0.625962
0.365269
0.196807
0.152827
0.270641
0.223916
0.10604
0.155317
0.325999
0.582326
0.831272
0.895175
0.883182
0.808912
0.680135
0.500095
0.268125
-0.0203835
-0.203744
-0.255668
-0.272472
-0.20104
0.182011
-0.739753
-2.28191
-1.59058
-0.997374
-0.869237
-0.965617
-1.22597
-1.1404
-0.932571
-0.612407
-0.074904
0.425287
0.732098
1.13592
-1.99737
-3.49466
-0.928273
0.512331
1.10533
-1.38645
-2.72466
-1.76601
-1.6659
-1.69896
-1.08158
0.333423
0.425511
-0.46451
-0.942867
-0.809026
-0.516655
-0.148973
0.463861
-0.222838
-0.886891
-2.78414
-2.36765
-2.70459
-2.39061
-1.99978
-3.64563
-1.85194
-1.12152
-0.377569
0.198587
0.571649
0.683801
0.560894
2.57568
-2.62374
-1.49733
-0.785882
-1.2588
-1.11992
-0.310587
-0.195958
-0.307491
-0.575897
-0.542649
-0.393043
-0.188967
0.0972996
0.414482
0.596955
0.721572
0.782928
-0.844219
-1.56141
-1.21695
-0.431647
-0.118566
-0.0142966
-0.0633632
-0.236152
-0.521726
-0.925511
-1.1767
-1.33697
-1.43549
-1.34325
-2.3973
-1.83723
-0.978412
-2.15607
-1.88626
-2.73925
-2.09373
-0.623431
-1.79476
-1.74246
-1.72358
-2.11019
-2.15747
-1.59422
-0.613552
0.0336084
0.476703
0.761859
0.325255
-0.806655
-2.10238
-2.68933
-0.810983
1.11702
-0.452699
-1.02981
-0.758995
-0.582558
-0.557083
-0.472979
-1.7113
-0.852897
0.371948
1.23816
1.72222
2.12082
2.45704
2.74673
3.00241
3.23643
3.46523
3.71963
4.08273
4.98158
2.30259
2.30259
2.30259
2.30259
2.30259
-2.73049];
