vec = [
119012 115576
310830 298937
11904 11678
5612 5267
2982 2817
2796 2676
4664 4013
6062 5577
12864 12574
7512 7343
4230 3805
2292 2173
1716 1547
2242 2057
3588 3394
4768 4360
9084 8742
4758 4580
6816 6386
7076 6885
6292 5989
4646 4449
5736 5492
4278 3986
2738 2627
7762 7453
5196 4787
4292 4076
11358 10975
8400 8231
3068 2797
13202 13038
3228 2891
2748 2540
7890 7173
7648 7461
9296 9098
10966 10764
1758 1346
218 143
376 232
468 154
1690 1509
770 566
2120 1902
5682 5083
716 488
1362 869
1606 1393
460 207
1234 694
5360 4918
1014 769
226 110
2892 2319
1060 871
910 652
2620 2269
2360 1997
1872 1653
1424 1220
1428 1104
330 115
58 144
1348 1115
5322 4822
1024 753
4810 4090
68 4124
380 165
694 436
4520 4196
3322 2944
688 329
418 283
418 293
480 246
1818 1523
3812 3429
816 605
8158 7885
2190 1830
770 568
676 490
644 439
372 183
640 399
5932 5633
1002 787
3392 3183
648 518
5836 5528
2166 1911
380 111
5444 5359
35300 33455
39288 37959
46416 44842
32642 31543
10814 10726
8612 8424
3198 2651
49262 47186
31128 30199
14188 13546
16162 15024
464 294
220 74
2170 1783
370 251
340 141
4620 4328
5408 5157
256 5285
406 211
30112 29197
846 705
46390 45079
1260 994
6098 5899
6036 5755
0 0
726 568
372 224
456 234
276 100
498 277
14786 14184
296 92
216 200
630 424
1556 1302
1040 826
298 141
1184 1039
992 838
356 153
194 250
210 71
466 262
132 328
200 57
700 478
524 363
840 728
1194 1082
1212 1088
1102 911
700 559
446 374
1962 1735
352 263
172 60
1758 1500
800 776
96 824
228 127
6806 6367
6234 6117
106 6170
466 6404
0 0
0 0
4502 4125
128 46
1332 1264
3138 2940
230 93
5984 5732
364 275
1172 1095
8260 7782
9516 9143
4582 4276
7910 7561
560 433
6244 6107
11740 11588
710 578
2886 2577
786 608
5074 4714
3642 3348
2264 2007
1098 1039
6074 5830
1694 1596
7796 7698
4060 3756
84 25
4530 4412
11584 11497
3532 3409
140 79
3808 3407
804 571
324 218
140 83
9404 8846
856 545
6642 6333
1366 1103
1526 1416
1544 1358
7876 7754
580 445
7826 7337
7920 7828
6076 5649
4066 3967
7398 7007
596 477
1146 948
660 477
342 254
320 230
220 143
3106 3035
5328 5170
6646 6306
4238 3672
54 3699
2932 2826
2864 2692
3326 2890
1708 1617
442 297
1050 942
588 442
2506 2237
1206 1126
2922 2606
428 354
1120 987
5034 4658
8980 8571
8470 8118
5352 5009
8860 8563
8228 7938
2416 2323
5194 4848
8700 8486
1388 1178
132 1244
0 0
0 0
86 1289
0 0
112 38
0 0
88 83
0 0
70 119
0 0
116 38
20 5
458 364
0 0
42 19
0 0
120 38
320 186
160 75
0 0
62 107
0 0
68 142
0 0
26 13
114 38
224 140
10 145
138 68
0 0
60 99
7118 6599
9898 9501
8296 7961
7960 7690
504 322
3274 2959
12 2965
462 394
10 399
170 108
86 151
0 0
4108 4026
6868 6775
174 126
22 6
242 176
9270 8837
21828 21064
5418 5082
4568 4240
4172 3865
5904 5666
442 339
20 11
372 291
12 297
526 444
7322 6989
3968 3733
1902 1581
6438 6120
7096 6710
9860 9570
7908 7775
0 0
164 7858
78 7897
122 41
76 79
74 117
266 163
0 0
74 201
0 0
102 37
0 0
104 58
202 102
262 124
8922 8628
6554 6483
12 6489
204 123
24 135
0 0
118 41
6334 6269
8682 8348
5884 5554
2560 2340
6346 6195
586 498
10 503
106 36
10 41
122 64
0 0
74 102
3154 3026
840 671
11208 10874
7170 6766
8084 7954
8218 7931
4336 4012
200 98
318 107
16 6
246 184
0 0
152 95
26 12
286 232
7592 7206
10316 10052
3490 3308
6292 6064
474 387
4706 4478
0 0
126 50
10 55
184 112
0 0
50 138
6092 5789
2736 2663
2728 2580
0 0
78 2620
12 2626
52 30
298 243
34 24
210 156
0 0
234 139
0 0
202 129
106 34
5202 5053
8218 8057
1246 1132
4284 3921
1620 1505
2054 1911
1712 1647
104 52
38 71
76 26
176 114
150 96
72 24
12394 12102
572 516
476 395
0 0
0 0
14 5
162 53
130 118
12 125
6794 6681
496 451
118 54
96 29
108 83
230 199
92 43
154 76
1158 1024
664 528
0 0
210 634
76 672
126 739
10 744
342 916
0 0
10 922
1500 1346
7814 7666
5952 5698
124 63
4428 4161
94 50
410 245
148 99
1296 1214
8472 8173
0 0
18 5
10 10
54 13
9514 9235
122 44
74 81
666 602
10760 10516
144 91
74 26
86 44
106 72
68 46
0 0
18 6
18 6
18 6
12 12
676 608
8512 8214
64 8246
234 149
152 90
76 128
278 206
0 0
0 0
0 0
16 5
0 0
0 0
64 22
332 268
200 119
152 76
76 114
82 31
884 698
1776 1598
46 28
36 17
98 49
0 0
0 0
0 0
0 0
5386 5105
592 467
238 190
400 338
296 254
152 76
88 32
88 29
28 17
32 13
0 0
0 0
0 0
46 18
842 677
3170 3012
7370 7246
6126 6030
112 55
118 67
84 41
118 56
114 38
106 48
10 53
0 0
0 0
10 60
0 0
148 40
20456 19813
4346 3688
248 176
6874 6711
8170 7668
54 7695
9328 9153
112 57
112 57
198 127
0 0
0 0
35734 34472
32086 30956
4146 4029
70 22
138 88
46 111
500 373
38 392
5826 5719
0 0
0 0
0 0
62 22
104 74
134 44
42 65
2092 1889
68 1923
0 0
0 0
222 2039
172 46
0 0
668 587
0 0
106 34
62 65
110 36
152 76
0 0
0 0
0 0
14 85
4866 4636
10356 9783
7666 7505
1874 1660
826 690
2014 1924
88 32
58 61
80 27
356 315
0 0
28 14
16 6
0 0
8222 7765
2184 2044
5780 5645
218 97
120 41
0 0
14 49
106 46
466 340
1356 1056
5878 5440
62 5471
7230 7120
136 80
112 136
104 45
6752 6516
5776 5515
0 0
10 5521
0 0
178 5614
1390 1280
88 25
114 38
0 0
40 16
12 22
80 39
0 0
228 142
412 319
312 245
488 352
632 521
1706 1524
102 58
232 185
0 0
166 88
46 30
0 0
0 0
5848 5574
852 732
74 769
174 860
2674 2515
3264 3088
8948 8493
130 74
0 0
254 199
94 47
72 26
40 46
256 169
64 201
1512 1321
12 1327
0 0
0 0
22 6
84 48
0 0
0 0
0 0
8170 7806
5546 5322
168 94
82 135
132 82
6042 5842
410 351
0 0
10 357
172 446
104 54
46 77
66 22
158 107
66 22
78 20
606 474
0 0
0 0
0 0
0 0
0 0
0 0
158 556
6950 6674
3098 2855
0 0
92 31
138 72
100 31
74 68
5618 5394
770 682
0 0
52 709
132 63
0 0
0 0
0 0
726 652
1102 986
346 268
96 49
6032 5478
48 31
0 0
0 0
0 0
86 76
118 61
0 0
98 52
458 371
5906 5458
3040 2869
78 38
114 38
256 167
228 152
118 72
76 110
82 22
122 54
0 0
12 61
10 66
0 0
10 72
154 153
0 0
12 160
8116 7758
5860 5632
782 699
130 53
76 27
102 78
150 52
72 88
5724 5533
0 0
0 0
224 5649
0 0
6972 6328
136 6396
130 65
3820 3550
574 513
18 522
24 12
262 146
0 0
488 400
388 295
240 167
6274 5950
162 125
5898 5664
144 44
120 37
332 218
218 161
124 39
102 35
182 110
76 148
5912 5698
0 0
12 5705
12 5711
70 5747
0 0
0 0
10 5753
0 0
4508 4425
3784 3585
286 208
5600 5242
4096 3880
60 3910
450 345
360 281
430 339
144 74
120 41
94 88
7076 6880
0 0
18 7
66 46
36 18
0 0
72 55
230 158
322 240
112 296
150 75
142 71
5936 5689
6396 6078
182 110
1044 957
2828 2763
186 2856
12 2863
10 2868
0 0
0 0
24 12
118 58
0 0
200 111
80 151
1050 939
152 76
242 182
136 49
222 160
18 7
0 0
0 0
60 35
0 0
6144 5770
6264 5865
56 5893
10 5899
406 324
6106 5826
950 802
646 524
188 85
0 0
94 32
406 307
116 368
0 0
5018 4844
5352 5133
8434 8273
10 8278
108 57
42 78
0 0
4726 4399
5068 4830
2424 2325
278 217
28 11
0 0
210 123
10 128
130 47
0 0
80 88
20 7
138 66
5628 5265
1518 1430
4130 4062
1072 944
516 405
22 8
0 0
218 106
14 5
150 83
0 0
122 65
10 70
136 43
68 80
94 128
172 75
184 167
4116 4002
3414 3257
7496 7062
6992 6703
1452 1283
6022 5830
406 352
798 652
50 677
74 715
2078 1992
7368 7022
6826 6594
2904 2511
668 530
74 25
22 6
166 97
0 0
170 92
0 0
124 45
0 0
158 55
0 0
88 100
2078 1948
4348 4166
846 742
0 0
140 68
0 0
86 112
0 0
64 145
10 150
0 0
130 46
0 0
108 32
0 0
144 47
0 0
88 28
156 51
154 53
100 33
6150 5700
2046 1810
3426 3296
4274 4152
3922 3699
846 768
11000 10598
532 369
14 376
102 428
0 0
0 0
62 460
134 531
88 575
62 607
0 0
70 643
100 693
68 728
16 736
0 0
78 776
42 798
80 838
100 889
0 0
92 936
0 0
0 0
146 1010
0 0
0 0
0 0
0 0
0 0
0 0
4436 4151
3458 3362
3332 3172
626 481
846 700
5224 5008
4126 3974
2760 2665
4426 4207
4172 3923
1978 1768
834 695
3556 3429
296 223
260 170
2812 2607
262 166
4194 3897
1370 1316
4362 4097
1354 1195
2982 2764
2506 2378
3642 3512
4172 3985
2128 2010
8568 8065
6140 5827
4556 4219
2590 2414
1720 1536
714 639
454 327
514 376
2010 1877
4534 4249
6716 6231
5366 5040
7190 6750
1018 835
1580 1500
724 658
430 290
4358 4060
2930 2667
514 342
600 457
3390 3135
3542 3415
2220 2136
1968 1853
1006 805
1254 1044
2640 2451
1724 1494
2992 2733
5126 4664
1986 1874
2398 2294
520 416
1330 1142
3110 2821
3152 2910
7174 6608
1422 1208
2744 2518
66 2551
6930 6314
5648 5156
2836 2537
1764 1608
1938 1477
1866 1609
1578 1438
1276 1180
2426 2211
522 387
